-8.0 -8.0 0.4472135954999579 0.4472135954999579
-8.0 -7.0 0.4164748821161107 0.47597129384698367
-8.0 -6.0 0.37947331922020555 0.5059644256269407
-8.0 -5.0 0.33520076157699547 0.5363212185231928
-8.0 -4.0 0.282842712474619 0.565685424949238
-8.0 -3.0 0.2220699630592816 0.5921865681580842
-8.0 -2.0 0.1533929977694741 0.6135719910778964
-8.0 -1.0 0.07844645405527362 0.6275716324421889
-8.0 0.0 0.0 nan
-8.0 1.0 0.07844645405527362 -0.6275716324421889
-8.0 2.0 0.1533929977694741 -0.6135719910778964
-8.0 3.0 0.2220699630592816 -0.5921865681580842
-8.0 4.0 0.282842712474619 -0.565685424949238
-8.0 5.0 0.33520076157699547 -0.5363212185231928
-8.0 6.0 0.37947331922020555 -0.5059644256269407
-8.0 7.0 0.4164748821161107 -0.47597129384698367
-7.0 -8.0 0.4759712938469837 0.4164748821161108
-7.0 -7.0 0.4472135954999579 0.4472135954999579
-7.0 -6.0 0.41159660434202117 0.48019603839902475
-7.0 -5.0 0.36760731104690386 0.5146502354656654
-7.0 -4.0 0.31378581622109447 0.5491251783869153
-7.0 -3.0 0.2491364395612199 0.5813183589761798
-7.0 -2.0 0.17374889710522776 0.6081211398682972
-7.0 -1.0 0.08944271909999159 0.6260990336999411
-7.0 0.0 0.0 nan
-7.0 1.0 0.08944271909999159 -0.6260990336999411
-7.0 2.0 0.17374889710522776 -0.6081211398682972
-7.0 3.0 0.2491364395612199 -0.5813183589761798
-7.0 4.0 0.31378581622109447 -0.5491251783869153
-7.0 5.0 0.36760731104690386 -0.5146502354656654
-7.0 6.0 0.41159660434202117 -0.48019603839902475
-7.0 7.0 0.4472135954999579 -0.4472135954999579
-6.0 -8.0 0.5059644256269407 0.3794733192202055
-6.0 -7.0 0.48019603839902475 0.41159660434202117
-6.0 -6.0 0.4472135954999579 0.4472135954999579
-6.0 -5.0 0.404888165089458 0.4858657981073496
-6.0 -4.0 0.35082320772281167 0.5262348115842175
-6.0 -3.0 0.282842712474619 0.565685424949238
-6.0 -2.0 0.2 0.6000000000000001
-6.0 -1.0 0.10397504898200727 0.6238502938920436
-6.0 0.0 0.0 nan
-6.0 1.0 0.10397504898200727 -0.6238502938920436
-6.0 2.0 0.2 -0.6000000000000001
-6.0 3.0 0.282842712474619 -0.565685424949238
-6.0 4.0 0.35082320772281167 -0.5262348115842175
-6.0 5.0 0.404888165089458 -0.4858657981073496
-6.0 6.0 0.4472135954999579 -0.4472135954999579
-6.0 7.0 0.48019603839902475 -0.41159660434202117
-5.0 -8.0 0.5363212185231927 0.3352007615769954
-5.0 -7.0 0.5146502354656655 0.3676073110469039
-5.0 -6.0 0.4858657981073496 0.404888165089458
-5.0 -5.0 0.4472135954999579 0.4472135954999579
-5.0 -4.0 0.3950918386598358 0.4938647983247948
-5.0 -3.0 0.32539568672798425 0.5423261445466404
-5.0 -2.0 0.2348880878058814 0.5872202195147035
-5.0 -1.0 0.12403473458920845 0.6201736729460423
-5.0 0.0 0.0 nan
-5.0 1.0 0.12403473458920845 -0.6201736729460423
-5.0 2.0 0.2348880878058814 -0.5872202195147035
-5.0 3.0 0.32539568672798425 -0.5423261445466404
-5.0 4.0 0.3950918386598358 -0.4938647983247948
-5.0 5.0 0.4472135954999579 -0.4472135954999579
-5.0 6.0 0.4858657981073496 -0.404888165089458
-5.0 7.0 0.5146502354656655 -0.3676073110469039
-4.0 -8.0 0.565685424949238 0.282842712474619
-4.0 -7.0 0.5491251783869153 0.31378581622109447
-4.0 -6.0 0.5262348115842176 0.3508232077228117
-4.0 -5.0 0.4938647983247948 0.3950918386598359
-4.0 -4.0 0.4472135954999579 0.4472135954999579
-4.0 -3.0 0.37947331922020555 0.5059644256269407
-4.0 -2.0 0.282842712474619 0.565685424949238
-4.0 -1.0 0.1533929977694741 0.6135719910778964
-4.0 0.0 0.0 nan
-4.0 1.0 0.1533929977694741 -0.6135719910778964
-4.0 2.0 0.282842712474619 -0.565685424949238
-4.0 3.0 0.37947331922020555 -0.5059644256269407
-4.0 4.0 0.4472135954999579 -0.4472135954999579
-4.0 5.0 0.4938647983247948 -0.3950918386598359
-4.0 6.0 0.5262348115842176 -0.3508232077228117
-4.0 7.0 0.5491251783869153 -0.31378581622109447
-3.0 -8.0 0.5921865681580842 0.2220699630592816
-3.0 -7.0 0.5813183589761798 0.2491364395612199
-3.0 -6.0 0.565685424949238 0.282842712474619
-3.0 -5.0 0.5423261445466405 0.3253956867279843
-3.0 -4.0 0.5059644256269407 0.3794733192202055
-3.0 -3.0 0.4472135954999579 0.4472135954999579
-3.0 -2.0 0.35082320772281167 0.5262348115842175
-3.0 -1.0 0.2 0.6000000000000001
-3.0 0.0 0.0 nan
-3.0 1.0 0.2 -0.6000000000000001
-3.0 2.0 0.35082320772281167 -0.5262348115842175
-3.0 3.0 0.4472135954999579 -0.4472135954999579
-3.0 4.0 0.5059644256269407 -0.3794733192202055
-3.0 5.0 0.5423261445466405 -0.3253956867279843
-3.0 6.0 0.565685424949238 -0.282842712474619
-3.0 7.0 0.5813183589761798 -0.2491364395612199
-2.0 -8.0 0.6135719910778964 0.1533929977694741
-2.0 -7.0 0.6081211398682971 0.17374889710522773
-2.0 -6.0 0.6 0.19999999999999998
-2.0 -5.0 0.5872202195147035 0.2348880878058814
-2.0 -4.0 0.565685424949238 0.282842712474619
-2.0 -3.0 0.5262348115842176 0.3508232077228117
-2.0 -2.0 0.4472135954999579 0.4472135954999579
-2.0 -1.0 0.282842712474619 0.565685424949238
-2.0 0.0 0.0 nan
-2.0 1.0 0.282842712474619 -0.565685424949238
-2.0 2.0 0.4472135954999579 -0.4472135954999579
-2.0 3.0 0.5262348115842176 -0.3508232077228117
-2.0 4.0 0.565685424949238 -0.282842712474619
-2.0 5.0 0.5872202195147035 -0.2348880878058814
-2.0 6.0 0.6 -0.19999999999999998
-2.0 7.0 0.6081211398682971 -0.17374889710522773
-1.0 -8.0 0.6275716324421889 0.07844645405527362
-1.0 -7.0 0.6260990336999411 0.08944271909999159
-1.0 -6.0 0.6238502938920437 0.10397504898200728
-1.0 -5.0 0.6201736729460423 0.12403473458920847
-1.0 -4.0 0.6135719910778964 0.1533929977694741
-1.0 -3.0 0.6 0.19999999999999998
-1.0 -2.0 0.565685424949238 0.282842712474619
-1.0 -1.0 0.4472135954999579 0.4472135954999579
-1.0 0.0 0.0 nan
-1.0 1.0 0.4472135954999579 -0.4472135954999579
-1.0 2.0 0.565685424949238 -0.282842712474619
-1.0 3.0 0.6 -0.19999999999999998
-1.0 4.0 0.6135719910778964 -0.1533929977694741
-1.0 5.0 0.6201736729460423 -0.12403473458920847
-1.0 6.0 0.6238502938920437 -0.10397504898200728
-1.0 7.0 0.6260990336999411 -0.08944271909999159
0.0 -8.0 0.6324555320336759 -0.0
0.0 -7.0 0.6324555320336759 -0.0
0.0 -6.0 0.6324555320336759 -0.0
0.0 -5.0 0.6324555320336759 -0.0
0.0 -4.0 0.6324555320336759 -0.0
0.0 -3.0 0.6324555320336759 -0.0
0.0 -2.0 0.6324555320336759 -0.0
0.0 -1.0 0.6324555320336759 -0.0
0.0 0.0 0.0 nan
0.0 1.0 0.6324555320336759 0.0
0.0 2.0 0.6324555320336759 0.0
0.0 3.0 0.6324555320336759 0.0
0.0 4.0 0.6324555320336759 0.0
0.0 5.0 0.6324555320336759 0.0
0.0 6.0 0.6324555320336759 0.0
0.0 7.0 0.6324555320336759 0.0
1.0 -8.0 0.6275716324421889 -0.07844645405527362
1.0 -7.0 0.6260990336999411 -0.08944271909999159
1.0 -6.0 0.6238502938920437 -0.10397504898200728
1.0 -5.0 0.6201736729460423 -0.12403473458920847
1.0 -4.0 0.6135719910778964 -0.1533929977694741
1.0 -3.0 0.6 -0.19999999999999998
1.0 -2.0 0.565685424949238 -0.282842712474619
1.0 -1.0 0.4472135954999579 -0.4472135954999579
1.0 0.0 0.0 nan
1.0 1.0 0.4472135954999579 0.4472135954999579
1.0 2.0 0.565685424949238 0.282842712474619
1.0 3.0 0.6 0.19999999999999998
1.0 4.0 0.6135719910778964 0.1533929977694741
1.0 5.0 0.6201736729460423 0.12403473458920847
1.0 6.0 0.6238502938920437 0.10397504898200728
1.0 7.0 0.6260990336999411 0.08944271909999159
2.0 -8.0 0.6135719910778964 -0.1533929977694741
2.0 -7.0 0.6081211398682971 -0.17374889710522773
2.0 -6.0 0.6 -0.19999999999999998
2.0 -5.0 0.5872202195147035 -0.2348880878058814
2.0 -4.0 0.565685424949238 -0.282842712474619
2.0 -3.0 0.5262348115842176 -0.3508232077228117
2.0 -2.0 0.4472135954999579 -0.4472135954999579
2.0 -1.0 0.282842712474619 -0.565685424949238
2.0 0.0 0.0 nan
2.0 1.0 0.282842712474619 0.565685424949238
2.0 2.0 0.4472135954999579 0.4472135954999579
2.0 3.0 0.5262348115842176 0.3508232077228117
2.0 4.0 0.565685424949238 0.282842712474619
2.0 5.0 0.5872202195147035 0.2348880878058814
2.0 6.0 0.6 0.19999999999999998
2.0 7.0 0.6081211398682971 0.17374889710522773
3.0 -8.0 0.5921865681580842 -0.2220699630592816
3.0 -7.0 0.5813183589761798 -0.2491364395612199
3.0 -6.0 0.565685424949238 -0.282842712474619
3.0 -5.0 0.5423261445466405 -0.3253956867279843
3.0 -4.0 0.5059644256269407 -0.3794733192202055
3.0 -3.0 0.4472135954999579 -0.4472135954999579
3.0 -2.0 0.35082320772281167 -0.5262348115842175
3.0 -1.0 0.2 -0.6000000000000001
3.0 0.0 0.0 nan
3.0 1.0 0.2 0.6000000000000001
3.0 2.0 0.35082320772281167 0.5262348115842175
3.0 3.0 0.4472135954999579 0.4472135954999579
3.0 4.0 0.5059644256269407 0.3794733192202055
3.0 5.0 0.5423261445466405 0.3253956867279843
3.0 6.0 0.565685424949238 0.282842712474619
3.0 7.0 0.5813183589761798 0.2491364395612199
4.0 -8.0 0.565685424949238 -0.282842712474619
4.0 -7.0 0.5491251783869153 -0.31378581622109447
4.0 -6.0 0.5262348115842176 -0.3508232077228117
4.0 -5.0 0.4938647983247948 -0.3950918386598359
4.0 -4.0 0.4472135954999579 -0.4472135954999579
4.0 -3.0 0.37947331922020555 -0.5059644256269407
4.0 -2.0 0.282842712474619 -0.565685424949238
4.0 -1.0 0.1533929977694741 -0.6135719910778964
4.0 0.0 0.0 nan
4.0 1.0 0.1533929977694741 0.6135719910778964
4.0 2.0 0.282842712474619 0.565685424949238
4.0 3.0 0.37947331922020555 0.5059644256269407
4.0 4.0 0.4472135954999579 0.4472135954999579
4.0 5.0 0.4938647983247948 0.3950918386598359
4.0 6.0 0.5262348115842176 0.3508232077228117
4.0 7.0 0.5491251783869153 0.31378581622109447
5.0 -8.0 0.5363212185231927 -0.3352007615769954
5.0 -7.0 0.5146502354656655 -0.3676073110469039
5.0 -6.0 0.4858657981073496 -0.404888165089458
5.0 -5.0 0.4472135954999579 -0.4472135954999579
5.0 -4.0 0.3950918386598358 -0.4938647983247948
5.0 -3.0 0.32539568672798425 -0.5423261445466404
5.0 -2.0 0.2348880878058814 -0.5872202195147035
5.0 -1.0 0.12403473458920845 -0.6201736729460423
5.0 0.0 0.0 nan
5.0 1.0 0.12403473458920845 0.6201736729460423
5.0 2.0 0.2348880878058814 0.5872202195147035
5.0 3.0 0.32539568672798425 0.5423261445466404
5.0 4.0 0.3950918386598358 0.4938647983247948
5.0 5.0 0.4472135954999579 0.4472135954999579
5.0 6.0 0.4858657981073496 0.404888165089458
5.0 7.0 0.5146502354656655 0.3676073110469039
6.0 -8.0 0.5059644256269407 -0.3794733192202055
6.0 -7.0 0.48019603839902475 -0.41159660434202117
6.0 -6.0 0.4472135954999579 -0.4472135954999579
6.0 -5.0 0.404888165089458 -0.4858657981073496
6.0 -4.0 0.35082320772281167 -0.5262348115842175
6.0 -3.0 0.282842712474619 -0.565685424949238
6.0 -2.0 0.2 -0.6000000000000001
6.0 -1.0 0.10397504898200727 -0.6238502938920436
6.0 0.0 0.0 nan
6.0 1.0 0.10397504898200727 0.6238502938920436
6.0 2.0 0.2 0.6000000000000001
6.0 3.0 0.282842712474619 0.565685424949238
6.0 4.0 0.35082320772281167 0.5262348115842175
6.0 5.0 0.404888165089458 0.4858657981073496
6.0 6.0 0.4472135954999579 0.4472135954999579
6.0 7.0 0.48019603839902475 0.41159660434202117
7.0 -8.0 0.4759712938469837 -0.4164748821161108
7.0 -7.0 0.4472135954999579 -0.4472135954999579
7.0 -6.0 0.41159660434202117 -0.48019603839902475
7.0 -5.0 0.36760731104690386 -0.5146502354656654
7.0 -4.0 0.31378581622109447 -0.5491251783869153
7.0 -3.0 0.2491364395612199 -0.5813183589761798
7.0 -2.0 0.17374889710522776 -0.6081211398682972
7.0 -1.0 0.08944271909999159 -0.6260990336999411
7.0 0.0 0.0 nan
7.0 1.0 0.08944271909999159 0.6260990336999411
7.0 2.0 0.17374889710522776 0.6081211398682972
7.0 3.0 0.2491364395612199 0.5813183589761798
7.0 4.0 0.31378581622109447 0.5491251783869153
7.0 5.0 0.36760731104690386 0.5146502354656654
7.0 6.0 0.41159660434202117 0.48019603839902475
7.0 7.0 0.4472135954999579 0.4472135954999579
